x: 30.026421287921114
y: 265.067322793602
z: 81.6432057354502
