x: -61.25230406110004
y: 276.08002491965783
z: 81.0
