x: 19.53130624571912
y: 290.8999079353427
z: 81.0
