x: -66.80452345878201
y: 283.8155437055145
z: 86.21409732626762
