x: -50.26775596264939
y: 387.3524759849447
z: 81.0
