x: -84.86738715748277
y: 295.32816143174875
z: 87.09371004201655
