x: -52.5919039647839
y: 390.1752980257155
z: 81.0
